print hotmap
18 27
!-------------hotmap 24 * 40 -----------!
 -2 -2 -2 -2 -2 -2 -2 -2 -2 -2 -2 -2 -2 -2 -2 -2 -2 -2 -2 -2 -2 -2 -2 -2 -2 -2 -2 -2 -2 -2 -2 -2 -2 -2 -2 -2 -2 -1 -1 -1
 -2 -2 -2 -2 -2 -2 -2 -2 -2 -2 -2 -1 -1 -1 -2 -2 -1 -1 -1 -1 -1 -1 -1 -1 -1 -1 -1 -2 -2 -2 -1 -1 -1 -1 -1 -1 -1 -1 -1 -1
 -1 -1 -2 -2 -1 -1 -2 -1 -1 -1 -2 -2 -1 -1 -1 -1 -1 -1 -1 -1 -1 -1 -1 -1 -1 -1 -1 -1 -2 -1 -1 -1 -1 -1 -1 -1 -1 -1 -1 -1
 -2 -2 -2 -2 -1 -1 -1 -1 -1 -1 -2 -1 -1 -2 -1 -1 -1 -1 -1 -1 -1 -1 -1 -1 -1 -1 -1 -1 -1 -1 -1 -1 -1 -1 -1 -1 -1 -1 -1 -1
  0  0  0 -2 -1 -1 -1 -1 -2 -2 -2 -2 -2 -2 -1 -1 -1 -1 -1 -1 -1 -1 -1 -1 -1 -1 -1 -1 -1 -1 -1 -1 -1 -1 -1 -1 -1 -1 -1 -1
  0  0  0 -2 -1 -1 -1 -1 -2 -2 -2 -2 -2 -2 -2 -2 -2 -2 -1 -1 -1 -1 -1 -1 -1 -1 -1 -1 -1 -1 -1 -1 -1 -1 -1 -1 -1 -1 -1 -1
  0  0  0 -2 -2 -2 -2 -2 -1 -2 -2  0  0  0 -2 -2 -2 -2 -2 -1 -1 -1 -1 -1 -1 -1 -1 -1 -1 -1 -1 -1 -1 -1 -1 -1 -1 -1 -1 -1
  0  0  0 -2 -2 -2  0 -2 -2 -2 -2  0  0  0 -2 -2 -2 -2 -2 -2 -2 -2 -2 -1 -1 -1 -1 -1 -1 -1 -1 -1 -1 -1 -1 -1 -1 -1 -1 -1
  0  0  0  0  0  0  0  0  0  0  0  0  0  0  0 -2 -2  0 -2 -2 -2 -2 -2 -2 -1 -1 -1 -1 -1 -1 -1 -1 -1 -1 -1 -1 -1 -1 -1 -1
  0  0  0  0  0  0  0  0  0  0  0  0  0  0  0  0  0  0 -2 -2 -2 -2 -2 -2 -1 -1 -1 -1 -1 -1 -1 -1 -1 -1 -1 -1 -1 -1 -1 -1
  0  0  0  0  0  0  0  0  0  0  0  0  0  0  0  0  0  0  0  0 -2 -2 -2 -2 -1 -1 -1 -1 -1 -1 -1 -1 -1 -1 -1 -1 -1 -1 -1 -1
  0  0  0  0  0  0  0  0  0  0  0  0  0  0  0  0  0  0  0  0  0  0 -2 -1 -2 -2 -1 -1 -1 -1 -1 -1 -1 -1 -1 -1 -1 -1 -1 -1
  1  0  0  0  0  0  0  0  0  0  0  0  0  0  0  0  0  0  0  0  0  0 -2 -2 -2 -2 -2 -2 -1 -1 -1 -1 -1 -1 -1 -1 -1 -1 -1 -1
  1  0  0  0  0  0  0  0  0  0  0  0  0  0  0  0  0  0  0  0  0  0  0  0 -2 -1 -1 -2 -1 -1 -1 -1 -1 -1 -1 -1 -1 -1 -1 -1
  1  0  0  0  0  0  0  0  1  0  0  0  0  0  0  0  0  0  0  0  1  0  0  0 -2 -1 -2 -1 -1 -1 -1 -1 -1 -1 -1 -1 -1 -1 -1 -1
  1  1  1  1  1  1  1  1  1  1  1  1  1  0  0  1  1  1  0  0  0  1  1  0 -2 -2 -2 -2 -2 -2 -2 -2 -1 -1 -1 -1 -1 -1 -1 -1
  2  2  2  2  2  2  2  2  2  2  2  2  1  1  1  1  2  1  1  1  1  1  0  0  0 -2 -2 -2 -2 -2 -2 -2 -2 -1 -1 -1 -1 -1 -1 -1
  3  3  3  3  3  3  3  3  3  3  3  2  2  2  2  2  2  2  2  2  2  1  1  0  0  0  0  0  0  0  0 -2 -2 -2 -1 -1 -1 -1 -1 -1
  4  4  4  4  4  4  4  4  4  4  3  3  3  3  3  3  3  3  3  3  2  2  1  1  1  1  1  1  1  1  0  1 -2 -2 -2 -2 -1 -1 -1 -1
  5  5  5  5  5  5  5  5  5  4  4  4  4  4  4  4  4  4  4  3  3  2  2  2  2  2  2  2  2  1  0  0  0 -2 -1 -1 -1 -1 -1 -1
  6  6  6  6  6  6  6  6  5  5  5  5  5  5  5  5  5  5  4  4  3  3  3  3  3  3  3  3  2 -2 -2 -2 -2 -2 -1 -1 -1 -1 -1 -1
  7  7  7  7  7  7  7  6  6  6  6  6  6  6  6  6  6  5  5  4  4  4  4  4  4  4  4  3  3  3 -2 -2 -2 -1 -1 -1 -1 -1 -1 -1
  8  8  8  8  8  8  7  7  7  7  7  7  7  7  7  7  6  6  5  5  5  5  5  5  5  5  4  4  4  4 -2  6 -2 -1 -1 -1 -1 -1 -1 -1
  9  9  9  9  9  8  8  8  8  8  8  8  8  8  8  7  7  6  6  6  6  6  6  6  6  5  5  5  5  5  5  6 -2 -1 -1 -1 -1 -1 -1 -1
!-------------hotmap 24 * 40 -----------!
!-------------hotmap 24 * 40 -----------!
 -2 -2 -2 -2 -2 -2 -2 -2 -2 -2 -2 -2 -2 -2 -2 -2 -2 -2 -2 -2 -2 -2 -2 -2 -2 -2 -2 -2 -2 -2 -2 -2 -2 -2 -2 -2 -2 -1 -1 -1
 -2 -2 -2 -2 -2 -2 -2 -2 -2 -2 -2 -1 -1 -1 -2 -2 -1 -1 -1 -1 -1 -1 -1 -1 -1 -1 -1 -2 -2 -2 -1 -1 -1 -1 -1 -1 -1 -1 -1 -1
 -1 -1 -2 -2 -1 -1 -2 -1 -1 -1 -2 -2 -1 -1 -1 -1 -1 -1 -1 -1 -1 -1 -1 -1 -1 -1 -1 -1 -2 -1 -1 -1 -1 -1 -1 -1 -1 -1 -1 -1
 -2 -2 -2 -2 -1 -1 -1 -1 -1 -1 -2 -1 -1 -2 -1 -1 -1 -1 -1 -1 -1 -1 -1 -1 -1 -1 -1 -1 -1 -1 -1 -1 -1 -1 -1 -1 -1 -1 -1 -1
  0  0  0 -2 -1 -1 -1 -1 -2 -2 -2 -2 -2 -2 -1 -1 -1 -1 -1 -1 -1 -1 -1 -1 -1 -1 -1 -1 -1 -1 -1 -1 -1 -1 -1 -1 -1 -1 -1 -1
  0  0  0 -2 -1 -1 -1 -1 -2 -2 -2 -2 -2 -2 -2 -2 -2 -2 -1 -1 -1 -1 -1 -1 -1 -1 -1 -1 -1 -1 -1 -1 -1 -1 -1 -1 -1 -1 -1 -1
  0  0  0 -2 -2 -2 -2 -2 -1 -2 -2  0  0  0 -2 -2 -2 -2 -2 -1 -1 -1 -1 -1 -1 -1 -1 -1 -1 -1 -1 -1 -1 -1 -1 -1 -1 -1 -1 -1
  0  0  0 -2 -2 -2  0 -2 -2 -2 -2  0  0  0 -2 -2 -2 -2 -2 -2 -2 -2 -2 -1 -1 -1 -1 -1 -1 -1 -1 -1 -1 -1 -1 -1 -1 -1 -1 -1
  0  0  0  0  0  0  0  0  0  0  0  0  0  0  0 -2 -2  0 -2 -2 -2 -2 -2 -2 -1 -1 -1 -1 -1 -1 -1 -1 -print hotmap
0 0
1 -1 -1 -1 -1 -1 -1 -1
  0  0  0  0  0  0  0  0  0  0  0  0  0  0  0  0  0  0 -2 -2 -2 -2 -2 -2 -1 -1 -1 -1 -1 -1 -1 -1 -1 -1 -1 -1 -1 -1 -1 -1
  0  0  0  0  0  0  0  0  0  0  0  0  0  0  0  0  0  0  0  0 -2 -2 -2 -2 -1 -1 -1 -1 -1 -1 -1 -1 -1 -1 -1 -1 -1 -1 -1 -1
  0  0  0  0  0  0  0  0  0  0  0  0  0  0  0  0  0  0  0  0  0  0 -2 -1 -2 -2 -1 -1 -1 -1 -1 -1 -1 -1 -1 -1 -1 -1 -1 -1
  1  0  0  0  0  0  0  0  0  0  0  0  0  0  0  0  0  0  0  0  0  0 -2 -2 -2 -2 -2 -2 -1 -1 -1 -1 -1 -1 -1 -1 -1 -1 -1 -1
  1  0  0  0  0  0  0  0  0  0  0  0  0  0  0  0  0  0  0  0  0  0  0  0 -2 -1 -1 -2 -1 -1 -1 -1 -1 -1 -1 -1 -1 -1 -1 -1
  1  0  0  0  0  0  0  0  1  0  0  0  0  0  0  0  0  0  0  0  1  0  0  0 -2 -1 -2 -1 -1 -1 -1 -1 -1 -1 -1 -1 -1 -1 -1 -1
  1  1  1  1  1  1  1  1  1  1  1  1  1  0  0  1  1  1  0  0  0  1  1  0 -2 -2 -2 -2 -2 -2 -2 -2 -1 -1 -1 -1 -1 -1 -1 -1
  2  2  2  2  2  2  2  2  2  2  2  2  1  1  1  1  2  1  1  1  1  1  0  0  0 -2 -2 -2 -2 -2 -2 -2 -2 -1 -1 -1 -1 -1 -1 -1
  3  3  3  3  3  3  3  3  3  3  3  2  2  2  2  2  2  2  2  2  2  1  1  0  0  0  0  0  0  0  0 -2 -2 -2 -1 -1 -1 -1 -1 -1
  4  4  4  4  4  4  4  4  4  4  3  3  3  3  3  3  3  3  3  3  2  2  1  1  1  1  1  1  1  1  0  1 -2 -2 -2 -2 -1 -1 -1 -1
  5  5  5  5  5  5  5  5  5  4  4  4  4  4  4  4  4  4  4  3  3  2  2  2  2  2  2  2  2  1  0  0  0 -2 -1 -1 -1 -1 -1 -1
  6  6  6  6  6  6  6  6  5  5  5  5  5  5  5  5  5  5  4  4  3  3  3  3  3  3  3  3  2 -2 -2 -2 -2 -2 -1 -1 -1 -1 -1 -1
  7  7  7  7  7  7  7  6  6  6  6  6  6  6  6  6  6  5  5  4  4  4  4  4  4  4  4  3  3  3 -2 -2 -2 -1 -1 -1 -1 -1 -1 -1
  8  8  8  8  8  8  7  7  7  7  7  7  7  7  7  7  6  6  5  5  5  5  5  5  5  5  4  4  4  4 -2  6 -2 -1 -1 -1 -1 -1 -1 -1
  9  9  9  9  9  8  8  8  8  8  8  8  8  8  8  7  7  6  6  6  6  6  6  6  6  5  5  5  5  5  5  6 -2 -1 -1 -1 -1 -1 -1 -1
!-------------hotmap 24 * 40 -----------!
